[411.0, 41.9, 3.2, 1.9, 'SD State']
[417.0, 43.0, 2.1, 0.8, 'ND State']
[459.0, 43.9, -2.0, 1.5, 'Oklahoma State']
[468.0, 44.1, -3.7, 2.5, 'St Johns']
[510.0, 42.0, -1.3, 5.5, 'VCU']
[420.0, 43.5, 3.7, 0.9, 'Harvard']
[464.0, 43.7, 3.3, -0.5, 'NC State']
[368.0, 46.1, 1.5, -0.2, 'Cal Irvine']
[468.0, 42.9, 3.0, 2.7, 'louisville']
[541.0, 42.6, 2.8, 1.3, 'Ole Miss']
[445.0, 46.2, 0.1, -0.3, 'Wyoming']
[438.0, 45.6, 2.3, -0.9, 'LSU']
[478.0, 43.6, 8.3, -3.7, 'Texas']
[524.0, 42.7, 4.2, 1.2, 'Iowa']
[403.0, 45.3, 5.0, -0.6, 'Cincy']
[447.0, 46.1, 1.4, -0.2, 'Oregon']
[527.0, 41.2, 3.6, 6.6, 'West Virginia']
[386.0, 47.1, 0.9, 2.2, 'Davidson']
[476.0, 43.4, 8.0, -0.3, 'Baylor']
[579.0, 44.0, 3.6, -1.1, 'Kansas']
[451.0, 46.6, 3.2, -0.7, 'Indiana']
[515.0, 45.3, 4.5, -1.4, 'Purdue']
[573.0, 43.5, 3.1, 2.3, 'Buffalo']
[488.0, 43.9, 6.5, 1.2, 'Butler']
[511.0, 45.5, 2.8, 0.9, 'Maryland']
[538.0, 46.3, -1.1, 2.1, 'Dayton']
[439.0, 44.6, 5.3, 3.9, 'Wichita State']
[562.0, 44.7, 0.4, 4.2, 'Arkansas']
[445.0, 48.3, 2.4, 0.8, 'Northern Iowa']
[509.0, 48.0, 0.2, 1.5, 'Eastern Washington']
[497.0, 48.0, 1.2, 1.9, 'Iowa State']
[510.0, 48.6, 4.8, -3.7, 'Northeastern']
[517.0, 47.3, 3.6, 0.9, 'Xavier']
[445.0, 48.6, 2.9, 3.4, 'Ohio State']
[565.0, 47.0, 2.3, 3.4, 'Villanova']
[522.0, 47.5, 8.2, -0.3, 'UNC(le adams)']
[529.0, 47.9, 6.9, 0.2, 'Smu']
[509.0, 51.0, 0.1, 1.9, 'Notre Dame']
[596.0, 46.9, 7.4, 3.4, 'Kentucky']
[522.0, 50.2, 6.2, 1.3, 'Duke']
[577.0, 49.1, 5.4, 3.2, 'SF Austin']
[611.0, 48.9, 8.8, 2.9, 'Arizona']
[502.0, 52.4, 7.2, 1.0, 'Gonzaga']
